layers_in_out	ELECTRICITY	GASOLINE	DIESEL	LFO	LNG	NG	NG_CCS	WOOD	COAL	COAL_CCS	URANIUM	WASTE	H2	HEAT_HIGH_T	HEAT_LOW_T_DHN	HEAT_LOW_T_DECEN	MOB_PUBLIC	MOB_PRIVATE	MOB_FREIGHT_RAIL	MOB_FREIGHT_ROAD
ELECTRICITY	1	0	0	0	0	0	0	0	0	0	0	0	0	0	0	0	0	0	0	0
GASOLINE	0	1	0	0	0	0	0	0	0	0	0	0	0	0	0	0	0	0	0	0
DIESEL	0	0	1	0	0	0	0	0	0	0	0	0	0	0	0	0	0	0	0	0
BIOETHANOL	0	1	0	0	0	0	0	0	0	0	0	0	0	0	0	0	0	0	0	0
BIODIESEL	0	0	1	0	0	0	0	0	0	0	0	0	0	0	0	0	0	0	0	0
LFO	0	0	0	1	0	0	0	0	0	0	0	0	0	0	0	0	0	0	0	0
LNG	0	0	0	0	1	0	0	0	0	0	0	0	0	0	0	0	0	0	0	0
NG	0	0	0	0	0	1	0	0	0	0	0	0	0	0	0	0	0	0	0	0
NG_CCS	0	0	0	0	0	0	1	0	0	0	0	0	0	0	0	0	0	0	0	0
SNG	0	0	0	0	0	1	0	0	0	0	0	0	0	0	0	0	0	0	0	0
WOOD	0	0	0	0	0	0	0	1	0	0	0	0	0	0	0	0	0	0	0	0
COAL	0	0	0	0	0	0	0	0	1	0	0	0	0	0	0	0	0	0	0	0
COAL_CCS	0	0	0	0	0	0	0	0	0	1	0	0	0	0	0	0	0	0	0	0
URANIUM	0	0	0	0	0	0	0	0	0	0	1	0	0	0	0	0	0	0	0	0
WASTE	0	0	0	0	0	0	0	0	0	0	0	1	0	0	0	0	0	0	0	0
H2	0	0	0	0	0	0	0	0	0	0	0	0	1	0	0	0	0	0	0	0
ELEC_EXPORT	-1	0	0	0	0	0	0	0	0	0	0	0	0	0	0	0	0	0	0	0
NUCLEAR	1	0	0	0	0	0	0	0	0	0	-2.7027	0	0	0	0	0	0	0	0	0
CCGT	1	0	0	0	0	-1.5873	0	0	0	0	0	0	0	0	0	0	0	0	0	0
CCGT_CCS	1	0	0	0	0	0	-1.7544	0	0	0	0	0	0	0	0	0	0	0	0	0
COAL_US	1	0	0	0	0	0	0	0	-2.0408	0	0	0	0	0	0	0	0	0	0	0
COAL_IGCC	1	0	0	0	0	0	0	0	-1.8519	0	0	0	0	0	0	0	0	0	0	0
COAL_US_CCS	1	0	0	0	0	0	0	0	0	-2.3810	0	0	0	0	0	0	0	0	0	0
COAL_IGCC_CCS	1	0	0	0	0	0	0	0	0	-2.0833	0	0	0	0	0	0	0	0	0	0
PV	1	0	0	0	0	0	0	0	0	0	0	0	0	0	0	0	0	0	0	0
WIND	1	0	0	0	0	0	0	0	0	0	0	0	0	0	0	0	0	0	0	0
HYDRO_DAM	1	0	0	0	0	0	0	0	0	0	0	0	0	0	0	0	0	0	0	0
NEW_HYDRO_DAM	1	0	0	0	0	0	0	0	0	0	0	0	0	0	0	0	0	0	0	0
HYDRO_RIVER	1	0	0	0	0	0	0	0	0	0	0	0	0	0	0	0	0	0	0	0
NEW_HYDRO_RIVER	1	0	0	0	0	0	0	0	0	0	0	0	0	0	0	0	0	0	0	0
GEOTHERMAL	1	0	0	0	0	0	0	0	0	0	0	0	0	0	0	0	0	0	0	0
IND_COGEN_GAS	0.9565	0	0	0	0	-2.1739	0	0	0	0	0	0	0	1	0	0	0	0	0	0
IND_COGEN_WOOD	0.3396	0	0	0	0	0	0	-1.8868	0	0	0	0	0	1	0	0	0	0	0	0
IND_COGEN_WASTE	0.4444	0	0	0	0	0	0	0	0	0	0	-2.2222	0	1	0	0	0	0	0	0
IND_BOILER_GAS	0	0	0	0	0	-1.0785	0	0	0	0	0	0	0	1	0	0	0	0	0	0
IND_BOILER_WOOD	0	0	0	0	0	0	0	-1.1568	0	0	0	0	0	1	0	0	0	0	0	0
IND_BOILER_OIL	0	0	0	-1.1461	0	0	0	0	0	0	0	0	0	1	0	0	0	0	0	0
IND_BOILER_COAL	0	0	0	0	0	0	0	0	-1.2195	0	0	0	0	1	0	0	0	0	0	0
IND_BOILER_WASTE	0	0	0	0	0	0	0	0	0	0	0	-1.2195	0	1	0	0	0	0	0	0
IND_DIRECT_ELEC	-1	0	0	0	0	0	0	0	0	0	0	0	0	1	0	0	0	0	0	0
DHN_HP_ELEC	-0.2500	0	0	0	0	0	0	0	0	0	0	0	0	0	1	0	0	0	0	0
DHN_COGEN_GAS	1.2500	0	0	0	0	-2.5000	0	0	0	0	0	0	0	0	1	0	0	0	0	0
DHN_COGEN_WOOD	0.3396	0	0	0	0	0	0	-1.8868	0	0	0	0	0	0	1	0	0	0	0	0
DHN_COGEN_WASTE	0.4444	0	0	0	0	0	0	0	0	0	0	-2.2222	0	0	1	0	0	0	0	0
DHN_BOILER_GAS	0	0	0	0	0	-1.0785	0	0	0	0	0	0	0	0	1	0	0	0	0	0
DHN_BOILER_WOOD	0	0	0	0	0	0	0	-1.1568	0	0	0	0	0	0	1	0	0	0	0	0
DHN_BOILER_OIL	0	0	0	-1.1461	0	0	0	0	0	0	0	0	0	0	1	0	0	0	0	0
DHN_DEEP_GEO	0	0	0	0	0	0	0	0	0	0	0	0	0	0	1	0	0	0	0	0
DEC_HP_ELEC	-0.3333	0	0	0	0	0	0	0	0	0	0	0	0	0	0	1	0	0	0	0
DEC_THHP_GAS	0	0	0	0	0	-0.6667	0	0	0	0	0	0	0	0	0	1	0	0	0	0
DEC_COGEN_GAS	0.9565	0	0	0	0	-2.1739	0	0	0	0	0	0	0	0	0	1	0	0	0	0
DEC_COGEN_OIL	0.9070	0	0	-2.3256	0	0	0	0	0	0	0	0	0	0	0	1	0	0	0	0
DEC_ADVCOGEN_GAS	2.6364	0	0	0	0	-4.5455	0	0	0	0	0	0	0	0	0	1	0	0	0	0
DEC_ADVCOGEN_H2	2.6364	0	0	0	0	0	0	0	0	0	0	0	-4.5455	0	0	1	0	0	0	0
DEC_BOILER_GAS	0	0	0	0	0	-1.1111	0	0	0	0	0	0	0	0	0	1	0	0	0	0
DEC_BOILER_WOOD	0	0	0	0	0	0	0	-1.1765	0	0	0	0	0	0	0	1	0	0	0	0
DEC_BOILER_OIL	0	0	0	-1.1765	0	0	0	0	0	0	0	0	0	0	0	1	0	0	0	0
DEC_SOLAR	0	0	0	0	0	0	0	0	0	0	0	0	0	0	0	1	0	0	0	0
DEC_DIRECT_ELEC	-1	0	0	0	0	0	0	0	0	0	0	0	0	0	0	1	0	0	0	0
TRAMWAY_TROLLEY	-0.1653	0	0	0	0	0	0	0	0	0	0	0	0	0	0	0	1	0	0	0
BUS_COACH_DIESEL	0	0	-0.2655	0	0	0	0	0	0	0	0	0	0	0	0	0	1	0	0	0
BUS_COACH_HYDIESEL	0	0	-0.1828	0	0	0	0	0	0	0	0	0	0	0	0	0	1	0	0	0
BUS_COACH_CNG_STOICH	0	0	0	0	0	-0.3062	0	0	0	0	0	0	0	0	0	0	1	0	0	0
BUS_COACH_FC_HYBRIDH2	0	0	0	0	0	0	0	0	0	0	0	0	-0.2255	0	0	0	1	0	0	0
TRAIN_PUB	-0.0917	0	0	0	0	0	0	0	0	0	0	0	0	0	0	0	1	0	0	0
CAR_GASOLINE	0	-0.4297	0	0	0	0	0	0	0	0	0	0	0	0	0	0	0	1	0	0
CAR_DIESEL	0	0	-0.3868	0	0	0	0	0	0	0	0	0	0	0	0	0	0	1	0	0
CAR_NG	0	0	0	0	0	-0.4826	0	0	0	0	0	0	0	0	0	0	0	1	0	0
CAR_HEV	0	-0.2471	0	0	0	0	0	0	0	0	0	0	0	0	0	0	0	1	0	0
CAR_PHEV	-0.0451	-0.1760	0	0	0	0	0	0	0	0	0	0	0	0	0	0	0	1	0	0
CAR_BEV	-0.1066	0	0	0	0	0	0	0	0	0	0	0	0	0	0	0	0	1	0	0
CAR_FUEL_CELL	0	0	0	0	0	0	0	0	0	0	0	0	-0.1794	0	0	0	0	1	0	0
TRAIN_FREIGHT	-0.0683	0	0	0	0	0	0	0	0	0	0	0	0	0	0	0	0	0	1	0
TRUCK	0	0	-0.5126	0	0	0	0	0	0	0	0	0	0	0	0	0	0	0	0	1
EFFICIENCY	0	0	0	0	0	0	0	0	0	0	0	0	0	0	0	0	0	0	0	0
DHN	0	0	0	0	0	0	0	0	0	0	0	0	0	0	0	0	0	0	0	0
GRID	0	0	0	0	0	0	0	0	0	0	0	0	0	0	0	0	0	0	0	0
POWER2GAS_1	-1	0	0	0	0.7920	0	0	0	0	0	0	0	0	0	0	0	0	0	0	0
POWER2GAS_2	0.9556	0	0	0	-1.3496	0	0	0	0	0	0	0	0	0	0	0	0	0	0	0
POWER2GAS_3	0	0	0	0	0	0	0	0	0	0	0	0	0	0	0	0	0	0	0	0
H2_ELECTROLYSIS	-1.1765	0	0	0	0	0	0	0	0	0	0	0	1	0	0	0	0	0	0	0
H2_NG	0	0	0	0	0	-1.3646	0	0	0	0	0	0	1	0	0	0	0	0	0	0
H2_BIOMASS	0	0	0	0	0	0	0	-2.3121	0	0	0	0	1	0	0	0	0	0	0	0
GASIFICATION_SNG	0.0426	0	0	0	0	1	0	-1.3514	0	0	0	0	0	0	0.1217	0	0	0	0	0
PYROLYSIS	0.0238	0	0	1	0	0	0	-1.5017	0	0	0	0	0	0	0	0	0	0	0	0